0.35963883356650456
0.6681241207192743
0.5137445262358938
0.6662196891565293
0.5967331791004101
0.5061570034132846
0.4160358063821565
0.37480484341179227
0.2913741901283746
0.38173441829208543
0.4155451882108021
0.38987756399970097
0.30987914698666885
0.277496086692828
0.23260563714552865
0.3111741155047516
0.29608781128819633
0.24786330308856216
0.2864157491689686
0.23695004246768203
0.22901823317030995
0.245104504604813
0.2040561002014145
0.21728242945249393
0.20234704299710285
0.17936667014150845
0.19862636711200746
0.1826731351307559
0.20968086118423196
0.16139855901512257
0.18176249518893822
0.17687329153586528
0.19474213034114574
0.17318593998523318
0.1974441996333521
0.15167292716811348
0.18160064182381547
0.17749794818326667
0.14026042394355193
0.14349512457164837
0.144137288995494
0.21561704542941262
0.1547430822676667
0.1570829171812079
0.19352497334692587
0.21051940081675982
0.16076280049047031
0.20847887618380084
0.1384973002654579
0.16991817607749032
0.1642162317289353
0.16143466523998845
0.21321826840267616
0.1673384080954978
0.1497591557915482
0.14668301427639213
0.12398490979552676
0.14461715628669225
0.1858268911781788
